# Run started=2026-07-11 18:15:56 graph=Toronto method=ReleaseV3 data_root=data graph_folder=data\Toronto query_file=query_g10.txt run_subdir=query_g10 original_query_count=40 query_begin=1 query_limit=-1 query_count=40 result_dir=result\Toronto\ReleaseV3\query_g10 rss_mb=11.875 peak_rss_mb=11.879
0.424484 0.4475349050
0.746921 0.6576182142
0.621001 0.6355887077
0.527485 0.5128411230
0.835197 0.7305081775
0.663031 0.6393834279
0.502366 0.5644215356
0.590987 0.5818755624
0.624697 0.6032536671
0.642861 0.6530790135
0.793265 0.4542990838
0.459899 0.3680720763
0.509405 0.2091290745
0.499130 0.3818724839
0.481561 0.3479514285
0.511226 0.3832367897
0.462275 0.2813838678
0.732406 0.4754908580
0.317278 0.0761408303
0.392411 0.3338194004
0.417747 0.1765539412
0.497801 0.1291810600
0.425710 0.1191427050
0.445212 0.1772421879
0.481146 0.1302778595
0.490750 0.1411547695
0.482428 0.2155883445
0.458229 0.1704424148
0.455792 0.1519713709
0.505633 0.1483917572
0.524339 0.0618492838
0.488053 0.0561737824
0.495548 0.0548292920
0.304914 0.0270112928
0.483173 0.0562086878
0.482371 0.0506356491
0.457971 0.0467256977
0.495199 0.0593954257
0.504707 0.0743279645
0.497344 0.0972462723
