# Run started=2026-07-11 18:16:20 graph=Toronto method=ReleaseV3 data_root=data graph_folder=data\Toronto query_file=query_g12.txt run_subdir=query_g12 original_query_count=40 query_begin=1 query_limit=-1 query_count=40 result_dir=result\Toronto\ReleaseV3\query_g12 rss_mb=12.336 peak_rss_mb=12.340
8.656708 0.8599958231
3.308360 0.8383723674
3.505669 0.8019022891
3.150861 0.8083929494
1.141062 0.6227730173
2.712391 0.7261305908
3.277687 0.8271963887
6.374938 0.8771650092
0.822443 0.6473406274
0.981643 0.6460711725
0.864941 0.4009667270
2.317671 0.4808584743
0.542280 0.3067556376
1.706260 0.4469710121
0.887603 0.4231328522
0.625226 0.2520390284
1.140057 0.4571466726
1.588217 0.4808218837
1.020640 0.4221456678
2.246497 0.5019191194
0.906262 0.2942728101
0.910372 0.2652388811
0.680999 0.2405592058
0.575594 0.1644349086
0.603068 0.1957030102
0.663316 0.1298470792
0.650710 0.1733756892
0.664853 0.2147888043
0.612541 0.1918042290
0.584604 0.2111516184
0.791373 0.0500945633
0.607873 0.0793735466
0.587105 0.0789777245
0.676769 0.0870801726
0.802437 0.0597251720
0.613039 0.0688043015
0.619562 0.1135984681
0.789742 0.0513695423
0.620760 0.0582137526
0.713615 0.1109524835
