# Run started=2026-07-11 18:17:26 graph=Toronto method=ReleaseV3 data_root=data graph_folder=data\Toronto query_file=query_g14.txt run_subdir=query_g14 original_query_count=40 query_begin=1 query_limit=-1 query_count=40 result_dir=result\Toronto\ReleaseV3\query_g14 rss_mb=12.844 peak_rss_mb=12.848
49.116133 0.9343474600
28.776739 0.8643829918
12.237450 0.8031187969
26.380328 0.8085472778
7.304341 0.7895665663
68.566876 0.9909347414
6.384531 0.7886124530
11.244802 0.8223580129
6.882075 0.7443476669
17.763341 0.8377582271
3.364825 0.4890480750
4.433050 0.4734562022
1.146079 0.3881707126
4.727782 0.5164089398
1.158991 0.4095543303
2.757525 0.4837018800
1.393249 0.4137235912
6.163148 0.5472808121
1.285042 0.4074770498
4.038111 0.5181551626
5.096703 0.3655357879
3.526028 0.3309747771
1.467890 0.2994644845
2.484368 0.2898351844
0.806417 0.1556987621
1.237147 0.2573507038
1.579615 0.2722262469
0.832574 0.1747301596
0.953909 0.2280599572
1.867329 0.2899587815
0.791229 0.0692795073
1.106399 0.0723331518
1.213488 0.1034249922
0.980559 0.1360634075
1.100566 0.0635544464
1.041466 0.0752283012
1.168701 0.0900006876
1.392413 0.0467121453
0.824366 0.0758139917
1.024162 0.0707867910
