# Run started=2026-07-10 22:43:25 graph=DBLP method=ReleaseV2 data_root=data graph_folder=data\DBLP query_file=query.txt run_subdir=default original_query_count=160 query_begin=1 query_limit=-1 query_count=160 result_dir=result\DBLP\ReleaseV2\default rss_mb=873.266 peak_rss_mb=873.270
19.713748 5.6765018667
10.388907 4.9902920377
17.561278 5.9622085153
19.016298 5.9300381807
14.591273 5.9205110331
15.827722 5.9499261823
18.058184 6.1432690578
16.156546 5.8782592989
17.396586 5.9526910949
14.235400 5.9148691335
11.114907 4.9918142157
13.609271 5.4579357178
10.480556 4.9770780411
18.572700 3.8694959192
11.509935 4.7419437351
10.306485 4.9569392086
14.511289 4.9423994613
14.197966 5.0355359440
12.177623 4.5628770649
16.281694 5.6252640242
12.269223 4.1473499393
16.298646 4.1459020325
18.882941 4.3702449782
16.677294 3.8879972324
11.822353 4.5901950662
17.050567 3.4526320537
11.367818 4.7576115340
19.148699 3.9156293246
15.004262 4.2621244147
12.383507 4.1740436143
16.365163 3.6631424545
13.382117 2.1497855377
12.977536 2.8812709907
12.931260 3.9500210680
16.666626 3.1626165833
19.159535 3.4061871071
15.255879 3.0800902413
17.211778 2.5888124414
17.679436 2.8808979975
17.283941 2.5030069933
19.292850 6.8859905017
22.965055 6.0069112075
20.788155 6.9275129740
20.590732 6.8703330330
18.276681 6.4260079212
25.374450 7.7031999351
21.309577 7.7070224749
18.800701 7.3031744854
21.339863 6.9188339092
18.189157 5.9494249217
13.800786 6.0149880740
13.374841 5.8262649486
22.509531 4.4292442158
13.063924 5.9707841498
17.046667 5.9249551227
17.707019 5.9442836198
18.918384 5.9667512756
21.514191 5.2287132043
19.675533 5.7192377959
17.940854 6.0584613325
16.531626 5.1019412969
22.235509 5.0617386984
15.717064 2.4146535509
22.279024 4.6542709616
14.224190 5.6971366436
13.800007 5.8391542688
14.456098 5.8859122567
20.322669 4.1261464108
16.148395 5.1045424108
14.630477 5.5366046674
19.955617 3.8694911335
18.864227 2.5601144431
22.003846 4.3167911549
13.433453 1.0392031385
20.778486 3.8019348970
20.973068 3.4102584278
34.405849 5.1946606612
20.312761 4.0118972196
16.953147 3.2501758412
18.134168 4.7251937244
51.240243 8.2140958508
28.667331 8.5207974134
25.796350 7.6753625492
28.733882 7.9343144865
26.808428 8.1914933542
31.099709 7.7100504065
26.488613 7.9355558625
25.151567 8.5358438607
31.224998 7.7771535019
38.871047 8.2071385751
26.468907 6.8984548121
35.999819 7.0355684340
27.755738 7.4243083097
20.863504 7.1208023239
26.657819 6.3810996399
32.911197 6.3325286281
19.622908 6.9671317465
23.880798 6.9112859065
42.459148 6.4174273175
34.277115 6.8068227223
27.082098 4.4804816786
19.685462 6.1505668199
29.215115 5.9199148728
22.793451 5.9393736050
21.524556 5.0835346684
31.277113 4.5345184064
18.122865 6.6926025717
57.528808 5.9837094144
24.577686 6.1091871808
25.003528 5.2845120813
30.493017 4.7825621853
23.323751 3.5051378734
28.722188 4.0190848696
25.585624 4.9775887961
23.411300 5.6492965306
23.393991 5.8772404388
26.233021 3.9181706728
25.219613 2.7407506994
27.043404 4.8246732167
39.425118 4.8980625087
