# Run started=2026-05-22 13:44:48 graph=LinkedMDB method=PrunedDP mode=weight query_file=query_g10.txt run_subdir=query_g10 query_count=40 result_dir=result\weight\LinkedMDB\PrunedDP\query_g10
381.292304 102.4899031950
401.210759 102.4899031950
395.797061 102.4899031950
425.175341 102.4899031950
389.334420 102.4899031950
397.962631 95.7361030779
418.557030 102.4899031950
489.910749 102.4899031950
473.685443 104.2374982962
466.080418 97.4836981791
556.419613 90.6432463812
664.749721 93.9780793261
714.425607 102.4899031950
522.320634 93.9885079767
890.009414 101.1301722771
656.815339 101.6242817574
542.840370 102.4899031950
592.622825 101.3728591800
867.036968 101.8828962014
900.788125 100.9788883815
756.530821 94.3902065036
730.839882 93.1228865391
838.205572 96.3209599368
735.790633 94.0335684302
747.268880 94.6101278689
