# Run started=2026-05-22 13:36:00 graph=Toronto method=PrunedDP mode=weight query_file=query_g10.txt run_subdir=query_g10 query_count=40 result_dir=result\weight\Toronto\PrunedDP\query_g10
12.485434 0.4475349050
12.586528 0.6576182142
12.556731 0.6355887077
12.228371 0.5128411230
13.373057 0.7305081775
12.834269 0.6393834279
12.353966 0.5644215356
12.808126 0.5818755624
12.802102 0.6032536671
12.553236 0.6530790135
13.271003 0.4542990838
12.207383 0.3680720763
12.934871 0.2091290745
13.716380 0.3818724839
12.544494 0.3479514285
12.368398 0.3832367897
12.476343 0.2813838678
13.103507 0.4754908580
12.223411 0.0761408303
12.351366 0.3338194004
12.116086 0.1765539412
12.978349 0.1291810600
12.138690 0.1191427050
12.127598 0.1772421879
12.048652 0.1302778595
12.010478 0.1411547695
12.099874 0.2155883445
12.234153 0.1704424148
12.473314 0.1519713709
12.417085 0.1483917572
12.479704 0.0618492838
12.308858 0.0561737824
12.606620 0.0548292920
12.375986 0.0270112928
12.205198 0.0562086878
12.282030 0.0506356491
12.268209 0.0467256977
12.716019 0.0593954257
12.707439 0.0743279645
12.472844 0.0972462723
