# Run started=2026-07-13 20:20:42 graph=Toronto method=ReleaseV4 data_root=data graph_folder=data\Toronto query_file=query.txt run_subdir=default original_query_count=160 query_begin=1 query_limit=-1 query_count=160 result_dir=result\Toronto\ReleaseV4\default rss_mb=15.828 peak_rss_mb=15.832
0.099617 0.2582152999
0.118150 0.3209028605
0.101598 0.3207338254
0.126712 0.2842622865
0.105828 0.2501471485
0.099854 0.2506975205
0.089624 0.1718753988
0.121791 0.2372146746
0.117615 0.3010823803
0.111666 0.2670728840
0.118037 0.1783130045
0.127166 0.2005114323
0.108741 0.1023549699
0.096638 0.1369391765
0.115195 0.1828427712
0.084956 0.0813748469
0.101258 0.2003449170
0.089581 0.0798674596
0.106093 0.1516007317
0.107333 0.0726480949
0.091343 0.0489293074
0.092212 0.0545303684
0.114726 0.0781585437
0.092877 0.0449481800
0.101772 0.0633787352
0.101715 0.0714209080
0.105346 0.0511472451
0.091867 0.0504006725
0.091312 0.0473020273
0.095150 0.0973723379
0.090521 0.0193932512
0.115554 0.0174620587
0.112415 0.0132615198
0.103023 0.0180950427
0.091455 0.0207806680
0.089454 0.0098715503
0.097550 0.0318150783
0.093274 0.0289218925
0.100533 0.0267651083
0.086859 0.0269502934
0.145123 0.4515608035
0.154940 0.3554875863
0.129832 0.3275644723
0.125439 0.3085123471
0.139779 0.2776516063
0.154210 0.3711402498
0.122574 0.1891022979
0.140548 0.3692966912
0.159430 0.4065238184
0.187505 0.4304379047
0.134141 0.2235878540
0.158700 0.2221503030
0.128961 0.1993575349
0.105541 0.0374895228
0.130512 0.2212466317
0.134690 0.1706815201
0.138279 0.2376539469
0.137655 0.1963626791
0.133989 0.1322654011
0.158057 0.1730432160
0.125309 0.0368065233
0.136060 0.0796008275
0.165799 0.1375969823
0.115161 0.0527279247
0.141186 0.0933513213
0.113280 0.0502564580
0.117680 0.0837384775
0.119454 0.0499323752
0.113796 0.0258052635
0.121969 0.0723959429
0.141591 0.0173596329
0.114543 0.0257968268
0.132078 0.0324425477
0.124657 0.0391392828
0.132463 0.0391377066
0.131522 0.0425118888
0.127732 0.0304325892
0.114566 0.0091650571
0.133501 0.0130487700
0.123559 0.0177294900
0.222388 0.4377884576
0.179961 0.4112479218
0.177310 0.3942681668
0.198967 0.4161365456
0.208830 0.3528548005
0.190213 0.3831415377
0.222971 0.5381047740
0.158654 0.3181643078
0.165117 0.3640700996
0.220769 0.5175389663
0.189463 0.2583233795
0.173704 0.1021324835
0.170382 0.2173255765
0.187672 0.2774258968
0.210822 0.3206056581
0.175650 0.2550094015
0.139975 0.0945681894
0.189300 0.2366337231
0.189169 0.1812055058
0.208924 0.2864640972
0.167584 0.1163450346
0.161545 0.0566260847
0.179960 0.0847716374
0.167622 0.1038633608
0.172952 0.1218783761
0.174881 0.0770529822
0.175325 0.1606689432
0.161656 0.0967607424
0.160699 0.1192005701
0.156273 0.0987925985
0.155210 0.0222803716
0.164827 0.0485864135
0.151520 0.0201695323
0.162857 0.0361456552
0.174849 0.0124022014
0.157141 0.0524396708
0.167539 0.0421237264
0.176220 0.0431895205
0.148390 0.0303449503
0.169968 0.0227487779
0.261587 0.4645755983
0.310110 0.5977826426
0.384070 0.6044561862
0.287992 0.5355708872
0.323601 0.5478016011
0.265484 0.4489610973
0.265240 0.4991497650
0.237848 0.5384528725
0.284498 0.5796148141
0.261319 0.4934993639
0.229419 0.2063265308
0.285164 0.2745577345
0.284322 0.3102870063
0.272996 0.3192687896
0.243783 0.2498433891
0.290733 0.3387405513
0.249392 0.2998070533
0.248349 0.2873335398
0.214670 0.1850868700
0.270093 0.3150045202
0.220631 0.1423328883
0.182191 0.0539184700
0.203429 0.1083503942
0.220075 0.1208387653
0.223297 0.1212606347
0.185482 0.0223105699
0.199211 0.1241015711
0.191885 0.0551191947
0.205551 0.1015641094
0.217854 0.0965557309
0.199895 0.0371680378
0.196762 0.0297075093
0.207501 0.0560638127
0.197122 0.0488610839
0.199494 0.0510503110
0.196694 0.0203568209
0.192726 0.0303019408
0.227368 0.0774333641
0.182135 0.0373479604
0.231110 0.0557724597
