# Run started=2026-07-13 20:57:55 graph=DBLP method=PrunedDP data_root=data graph_folder=data\DBLP query_file=query.txt run_subdir=default original_query_count=160 query_begin=1 query_limit=-1 query_count=160 result_dir=result\DBLP\PrunedDP\default rss_mb=873.520 peak_rss_mb=873.523
16.741574 5.6765018667
13.127768 4.9902920377
15.277279 5.9622085153
15.051543 5.9300381807
15.780212 5.9205110331
16.771785 5.9499261823
22.413563 6.1432690578
15.305461 5.8782592989
16.774207 5.9526910949
15.553900 5.9148691335
18.036270 4.9918142157
18.054206 5.4579357178
15.627963 4.9770780411
16.824335 3.8694959192
16.285742 4.7419437351
15.839831 4.9569392086
16.179718 4.9423994613
18.091743 5.0355359440
23.356418 4.5628770649
17.619766 5.6252640242
22.461896 4.1473499394
22.634345 4.1459020325
22.567736 4.3702449782
19.218356 3.8879972324
26.478079 4.5901950662
16.287317 3.4526320537
25.881564 4.7576115340
20.679516 3.9156293246
21.896090 4.2621244147
22.147049 4.1740436143
19.386896 3.6631424545
16.234861 2.1497855377
17.264069 2.8812709907
22.836337 3.9500210680
17.438681 3.1626165833
18.420538 3.4061871071
19.607174 3.0800902413
17.482692 2.5888124414
17.386794 2.8808979975
18.083562 2.5030069933
47.067250 6.8859905017
30.502243 6.0069112075
31.672722 6.9275129740
35.473305 6.8703330330
29.024194 6.4260079212
58.337753 7.7031999351
34.785231 7.7070224749
