# Run started=2026-06-23 14:01:51 graph=Toronto method=PrunedDP data_root=data graph_folder=data\Toronto query_file=query_g13.txt run_subdir=query_g13 original_query_count=40 query_begin=1 query_limit=-1 query_count=40 result_dir=result\Toronto\PrunedDP\query_g13
147.440511 0.7048467020
145.424962 0.7275272453
156.672753 0.7985684033
142.455401 0.6904989514
211.265895 0.9105249531
160.676031 0.6532861632
156.197923 0.6129860763
202.455179 0.8266893737
194.260726 0.8546377269
162.214180 0.5729610187
188.035541 0.5277709310
180.181108 0.5256240952
162.773666 0.3644963421
188.852806 0.5471491986
181.863859 0.4701625920
189.860226 0.5298834920
204.647851 0.5611649496
182.007311 0.4476168187
187.333000 0.4354577040
210.799115 0.5440762306
187.065658 0.1682619654
189.833235 0.1055090306
190.528693 0.1828479817
189.581067 0.2588784132
194.160360 0.1990243877
191.920331 0.1642283873
192.662433 0.2079465925
192.007428 0.1233347623
196.966359 0.1842728932
194.399619 0.1369946881
204.113207 0.0745269701
201.823681 0.0530431822
193.385831 0.0479022689
197.505195 0.1005215444
198.304013 0.1119691098
198.749920 0.1015126463
201.961115 0.0689639235
200.512676 0.0530896860
205.344628 0.0827554109
213.932234 0.0740348340
