0.521445 0.2582152999
0.587437 0.3209028605
0.610485 0.3207338254
0.606670 0.2842622865
0.608722 0.2501471485
0.635509 0.2506975205
0.555529 0.1718753988
0.581564 0.2372146746
0.600955 0.3010823803
0.608868 0.2670728840
0.576952 0.1783130045
0.577535 0.2005114323
0.591127 0.1023549699
0.598720 0.1369391765
0.614471 0.1828427712
0.605846 0.0813748469
0.582935 0.2003449170
0.583168 0.0798674596
0.573229 0.1516007317
0.606583 0.0726480949
0.560900 0.0489293074
0.621602 0.0545303684
0.593389 0.0781585437
0.581325 0.0449481800
0.569317 0.0633787352
0.571019 0.0714209080
0.561712 0.0511472451
0.624629 0.0504006725
0.549960 0.0473020273
0.604723 0.0973723379
0.543582 0.0193932512
0.553007 0.0174620587
0.634698 0.0132615198
0.558380 0.0180950427
0.578773 0.0207806680
0.586514 0.0098715503
0.613155 0.0318150783
0.608021 0.0289218925
0.592141 0.0267651083
0.570990 0.0269502934
1.222717 0.4515608035
1.285206 0.3554875863
1.199770 0.3275644723
1.165864 0.3085123471
1.255096 0.2776516063
1.289511 0.3711402498
1.248890 0.1891022979
1.173543 0.3692966912
1.215941 0.4065238184
1.193406 0.4304379047
1.126530 0.2235878540
1.157666 0.2221503030
1.193959 0.1993575349
1.124809 0.0374895228
1.129566 0.2212466317
1.196332 0.1706815201
1.105974 0.2376539469
1.137485 0.1963626791
1.119827 0.1322654011
1.202363 0.1730432160
1.170359 0.0368065233
1.167036 0.0796008275
1.159705 0.1375969823
1.119442 0.0527279247
1.078320 0.0933513213
1.113999 0.0502564580
1.159864 0.0837384775
1.124096 0.0499323752
1.114007 0.0258052635
1.109550 0.0723959429
1.091530 0.0173596329
1.092220 0.0257968268
1.148860 0.0324425477
1.109281 0.0391392828
1.079656 0.0391377066
1.190782 0.0425118888
1.070612 0.0304325892
1.061040 0.0091650571
1.060347 0.0130487700
1.044452 0.0177294900
2.383213 0.4377884576
2.377394 0.4112479218
2.528008 0.3942681668
2.504835 0.4161365456
2.444466 0.3528548005
2.489407 0.3831415377
2.375575 0.5381047740
2.363862 0.3181643078
2.310546 0.3640700996
2.362877 0.5175389663
2.343127 0.2583233795
2.295386 0.1021324835
2.469364 0.2173255765
2.380545 0.2774258968
2.450163 0.3206056581
2.508268 0.2550094015
2.564291 0.0945681894
2.362590 0.2366337231
2.330109 0.1812055058
2.443641 0.2864640972
2.204922 0.1163450346
2.292245 0.0566260847
2.319910 0.0847716374
2.321211 0.1038633608
2.317620 0.1218783761
2.250950 0.0770529822
2.354630 0.1606689432
2.253490 0.0967607424
2.227458 0.1192005701
2.272432 0.0987925985
2.143510 0.0222803716
2.153814 0.0485864135
2.231666 0.0201695323
2.116901 0.0361456552
2.158587 0.0124022014
2.168944 0.0524396708
2.195539 0.0421237264
2.137599 0.0431895205
2.172624 0.0303449503
2.166027 0.0227487779
4.665733 0.4645755983
4.693548 0.5977826426
4.718285 0.6044561862
4.615108 0.5355708872
4.826665 0.5478016011
4.858201 0.4489610973
4.842535 0.4991497650
4.980213 0.5384528725
4.816415 0.5796148141
4.731460 0.4934993639
4.673645 0.2063265308
4.781045 0.2745577345
4.912056 0.3102870063
4.907064 0.3192687896
4.845797 0.2498433891
4.840059 0.3387405513
4.702138 0.2998070533
4.741549 0.2873335398
4.848641 0.1850868700
4.813650 0.3150045202
4.751761 0.1423328883
4.731247 0.0539184700
4.486709 0.1083503942
4.566103 0.1208387653
4.470555 0.1212606347
4.587453 0.0223105699
4.562299 0.1241015711
4.525340 0.0551191947
4.728744 0.1015641094
4.829826 0.0965557309
4.659767 0.0371680378
4.347877 0.0297075093
4.515022 0.0560638127
4.446145 0.0488610839
4.651270 0.0510503110
4.759997 0.0203568209
4.403399 0.0303019408
4.456524 0.0774333641
4.543351 0.0373479604
5.003514 0.0557724597
