# Run started=2026-06-24 15:36:46 graph=Toronto method=DPBF data_root=data graph_folder=data\Toronto query_file=query.txt run_subdir=default original_query_count=160 query_begin=1 query_limit=-1 query_count=160 result_dir=result\Toronto\DPBF\default
0.622148 0.2582152999
0.588295 0.3209028605
0.659183 0.3207338254
0.575379 0.2842622865
0.547999 0.2501471485
0.578262 0.2506975205
0.520501 0.1718753988
0.601831 0.2372146746
0.570957 0.3010823803
0.561166 0.2670728840
0.588394 0.1783130045
0.534994 0.2005114323
0.560633 0.1023549699
0.477311 0.1369391765
0.529610 0.1828427712
0.576650 0.0813748469
0.560713 0.2003449170
0.570642 0.0798674596
0.523616 0.1516007317
0.561581 0.0726480949
0.481847 0.0489293074
0.511793 0.0545303684
0.546199 0.0781585437
0.514994 0.0449481800
0.511903 0.0633787352
0.578954 0.0714209080
0.489118 0.0511472451
0.533454 0.0504006725
0.577821 0.0473020273
0.534804 0.0973723379
0.533257 0.0193932512
0.538362 0.0174620587
0.515524 0.0132615198
0.526596 0.0180950427
0.473209 0.0207806680
0.484478 0.0098715503
0.498199 0.0318150783
0.516877 0.0289218925
0.597632 0.0267651083
0.573129 0.0269502934
1.205800 0.4515608035
1.123086 0.3554875863
1.085023 0.3275644723
1.103367 0.3085123471
1.115595 0.2776516063
1.111442 0.3711402498
1.044968 0.1891022979
1.077361 0.3692966912
1.080785 0.4065238184
1.059404 0.4304379047
1.042110 0.2235878540
1.096655 0.2221503030
1.061777 0.1993575349
1.101970 0.0374895228
1.044912 0.2212466317
1.061703 0.1706815201
1.076571 0.2376539469
1.061561 0.1963626791
1.035780 0.1322654011
1.101866 0.1730432160
1.082100 0.0368065233
1.043483 0.0796008275
1.120963 0.1375969823
1.135320 0.0527279247
1.213206 0.0933513213
1.145319 0.0502564580
1.194584 0.0837384775
1.072608 0.0499323752
1.107566 0.0258052635
1.085653 0.0723959429
1.191671 0.0173596329
1.160407 0.0257968268
1.091173 0.0324425477
1.049690 0.0391392828
1.180989 0.0391377066
1.130304 0.0425118888
1.027886 0.0304325892
1.006757 0.0091650571
1.060571 0.0130487700
1.053777 0.0177294900
2.174809 0.4377884576
2.493035 0.4112479218
2.381629 0.3942681668
2.498047 0.4161365456
2.278945 0.3528548005
2.483789 0.3831415377
2.238437 0.5381047740
2.639652 0.3181643078
2.278439 0.3640700996
2.648346 0.5175389663
2.318036 0.2583233795
2.593731 0.1021324835
2.342277 0.2173255765
2.486916 0.2774258968
2.320729 0.3206056581
2.575704 0.2550094015
2.297122 0.0945681894
2.494538 0.2366337231
2.516881 0.1812055058
2.486758 0.2864640972
2.317837 0.1163450346
2.449635 0.0566260847
2.476998 0.0847716374
2.182069 0.1038633608
2.471325 0.1218783761
2.267913 0.0770529822
2.438945 0.1606689432
2.338954 0.0967607424
2.493077 0.1192005701
2.329764 0.0987925985
2.446203 0.0222803716
2.150454 0.0485864135
2.395492 0.0201695323
2.188086 0.0361456552
2.550218 0.0124022014
2.225120 0.0524396708
2.488056 0.0421237264
2.345105 0.0431895205
2.447905 0.0303449503
2.255425 0.0227487779
5.339021 0.4645755983
5.151713 0.5977826426
5.156665 0.6044561862
5.183069 0.5355708872
5.135571 0.5478016011
5.077998 0.4489610973
4.912699 0.4991497650
5.191224 0.5384528725
5.002188 0.5796148141
5.096221 0.4934993639
4.882400 0.2063265308
5.151466 0.2745577345
4.778170 0.3102870063
5.382402 0.3192687896
5.349281 0.2498433891
5.047578 0.3387405513
4.979908 0.2998070533
5.103432 0.2873335398
5.126400 0.1850868700
5.147280 0.3150045202
5.140756 0.1423328883
4.721943 0.0539184700
4.981054 0.1083503942
5.030933 0.1208387653
4.779268 0.1212606347
5.079385 0.0223105699
4.763647 0.1241015711
4.802742 0.0551191947
4.689222 0.1015641094
5.203964 0.0965557309
4.595547 0.0371680378
4.724256 0.0297075093
4.540382 0.0560638127
4.618847 0.0488610839
4.607165 0.0510503110
4.815255 0.0203568209
4.570287 0.0303019408
4.586045 0.0774333641
4.626831 0.0373479604
4.649745 0.0557724597


# Run started=2026-06-24 16:19:39 graph=Toronto method=DPBF data_root=data graph_folder=data\Toronto query_file=query.txt run_subdir=default original_query_count=160 query_begin=1 query_limit=-1 query_count=160 result_dir=result\Toronto\DPBF\default
0.622973 0.2582152999
0.602438 0.3209028605
0.628928 0.3207338254
0.558621 0.2842622865
0.539015 0.2501471485
0.591559 0.2506975205
0.548853 0.1718753988
0.528619 0.2372146746
0.575338 0.3010823803
0.558322 0.2670728840
0.577273 0.1783130045
0.541017 0.2005114323
0.546900 0.1023549699
0.518242 0.1369391765
0.531208 0.1828427712
0.527128 0.0813748469
0.516945 0.2003449170
0.535585 0.0798674596
0.525831 0.1516007317
0.502738 0.0726480949
0.474689 0.0489293074
0.564275 0.0545303684
0.485237 0.0781585437
0.484316 0.0449481800
0.479761 0.0633787352
0.460871 0.0714209080
0.495536 0.0511472451
0.556215 0.0504006725
0.572505 0.0473020273
0.553781 0.0973723379
0.491846 0.0193932512
0.483964 0.0174620587
0.578813 0.0132615198
0.569088 0.0180950427
0.543282 0.0207806680
0.549800 0.0098715503
0.498602 0.0318150783
0.527535 0.0289218925
0.530844 0.0267651083
0.524240 0.0269502934
1.171363 0.4515608035
1.087230 0.3554875863
1.113373 0.3275644723
1.094879 0.3085123471
1.137131 0.2776516063
1.239906 0.3711402498
1.142828 0.1891022979
1.079964 0.3692966912
1.120983 0.4065238184
1.071193 0.4304379047
1.160631 0.2235878540
1.151723 0.2221503030
1.083732 0.1993575349
1.192142 0.0374895228
1.117822 0.2212466317
1.204367 0.1706815201
1.167914 0.2376539469
1.121318 0.1963626791
1.197995 0.1322654011
1.179661 0.1730432160
1.029954 0.0368065233
1.121372 0.0796008275
1.137720 0.1375969823
1.087329 0.0527279247
1.031793 0.0933513213
1.059244 0.0502564580
1.082095 0.0837384775
1.039967 0.0499323752
1.001324 0.0258052635
1.105019 0.0723959429
1.052659 0.0173596329
0.995457 0.0257968268
1.044187 0.0324425477
0.998589 0.0391392828
1.038748 0.0391377066
1.128748 0.0425118888
1.038399 0.0304325892
1.054704 0.0091650571
1.054689 0.0130487700
1.078965 0.0177294900
2.701555 0.4377884576
2.702033 0.4112479218
2.220918 0.3942681668
2.693188 0.4161365456
2.590523 0.3528548005
2.320534 0.3831415377
2.705218 0.5381047740
2.335287 0.3181643078
2.518356 0.3640700996
2.492916 0.5175389663
2.504276 0.2583233795
2.379930 0.1021324835
2.532659 0.2173255765
2.251977 0.2774258968
2.467782 0.3206056581
2.312984 0.2550094015
2.403553 0.0945681894
2.174784 0.2366337231
2.426252 0.1812055058
2.145187 0.2864640972
2.415680 0.1163450346
2.282188 0.0566260847
2.476124 0.0847716374
2.251761 0.1038633608
2.459485 0.1218783761
2.322175 0.0770529822
2.389754 0.1606689432
2.255759 0.0967607424
2.482061 0.1192005701
2.352957 0.0987925985
2.391049 0.0222803716
2.090539 0.0485864135
2.365431 0.0201695323
2.063247 0.0361456552
2.281126 0.0124022014
2.067554 0.0524396708
2.310559 0.0421237264
2.001793 0.0431895205
2.291097 0.0303449503
2.079205 0.0227487779
4.967136 0.4645755983
5.555775 0.5977826426
5.020282 0.6044561862
4.952047 0.5355708872
5.120786 0.5478016011
5.026054 0.4489610973
4.956988 0.4991497650
5.039651 0.5384528725
5.031222 0.5796148141
4.963022 0.4934993639
4.746757 0.2063265308
5.003824 0.2745577345
5.054745 0.3102870063
4.924597 0.3192687896
4.889991 0.2498433891
4.989496 0.3387405513
4.812328 0.2998070533
4.790834 0.2873335398
5.500442 0.1850868700
5.347009 0.3150045202
5.007431 0.1423328883
5.761213 0.0539184700
5.561305 0.1083503942
5.537412 0.1208387653
5.439751 0.1212606347
5.346077 0.0223105699
5.793736 0.1241015711
5.476153 0.0551191947
5.452345 0.1015641094
5.264029 0.0965557309
4.657244 0.0371680378
4.854504 0.0297075093
4.882411 0.0560638127
4.757164 0.0488610839
5.012318 0.0510503110
4.660354 0.0203568209
4.660496 0.0303019408
4.998743 0.0774333641
5.740404 0.0373479604
5.592695 0.0557724597
