# Run started=2026-06-23 13:11:17 graph=Toronto method=PrunedDP data_root=data graph_folder=data\Toronto query_file=query_g12.txt run_subdir=query_g12 original_query_count=40 query_begin=1 query_limit=-1 query_count=40 result_dir=result\Toronto\PrunedDP\query_g12
79.551115 0.8599958231
72.399304 0.8383723674
78.172903 0.8019022891
72.051283 0.8083929494
63.464369 0.6227730173
71.397598 0.7261305908
71.635384 0.8271963887
73.928023 0.8771650092
64.035637 0.6473406274
67.372243 0.6460711725
65.618229 0.4009667270
72.186097 0.4808584743
65.504683 0.3067556376
67.510662 0.4469710121
63.587540 0.4231328522
61.903314 0.2520390284
62.625413 0.4571466726
67.004227 0.4808218837
66.248399 0.4221456678
71.970117 0.5019191194
71.040158 0.2942728101
69.895604 0.2652388811
70.126668 0.2405592058
66.021755 0.1644349086
67.759723 0.1957030102
66.668450 0.1298470792
65.736778 0.1733756892
68.423258 0.2147888043
66.886060 0.1918042290
66.134363 0.2111516184
65.048823 0.0500945633
63.932680 0.0793735466
65.812693 0.0789777245
65.227544 0.0870801726
65.910345 0.0597251720
65.280107 0.0688043015
66.312288 0.1135984681
65.600087 0.0513695423
66.471387 0.0582137526
67.006185 0.1109524835


# Run started=2026-07-13 20:18:13 graph=Toronto method=PrunedDP data_root=data graph_folder=data\Toronto query_file=query_g12.txt run_subdir=query_g12 original_query_count=40 query_begin=1 query_limit=-1 query_count=40 result_dir=result\Toronto\PrunedDP\query_g12 rss_mb=12.332 peak_rss_mb=12.336
