0.506889 0.2582152999
0.612051 0.3209028605
0.577008 0.3207338254
0.585492 0.2842622865
0.536449 0.2501471485
0.595086 0.2506975205
0.570347 0.1718753988
0.604530 0.2372146746
0.581773 0.3010823803
0.523990 0.2670728840
0.563336 0.1783130045
0.552718 0.2005114323
0.594561 0.1023549699
0.576859 0.1369391765
0.573327 0.1828427712
0.579537 0.0813748469
0.599746 0.2003449170
0.521221 0.0798674596
0.559734 0.1516007317
0.544561 0.0726480949
0.508198 0.0489293074
0.566356 0.0545303684
0.547407 0.0781585437
0.521980 0.0449481800
0.521839 0.0633787352
0.522991 0.0714209080
0.532830 0.0511472451
0.567897 0.0504006725
0.545744 0.0473020273
0.572862 0.0973723379
0.561600 0.0193932512
0.489273 0.0174620587
0.547208 0.0132615198
0.596742 0.0180950427
0.557245 0.0207806680
0.529564 0.0098715503
0.540013 0.0318150783
0.557207 0.0289218925
0.579820 0.0267651083
0.525380 0.0269502934
1.234602 0.4515608035
1.109520 0.3554875863
1.166988 0.3275644723
1.197736 0.3085123471
1.090202 0.2776516063
1.172852 0.3711402498
1.177289 0.1891022979
1.116165 0.3692966912
1.231537 0.4065238184
1.207379 0.4304379047
1.179207 0.2235878540
1.157065 0.2221503030
1.223038 0.1993575349
1.200332 0.0374895228
1.168573 0.2212466317
1.147090 0.1706815201
1.082603 0.2376539469
1.120647 0.1963626791
1.102995 0.1322654011
1.120282 0.1730432160
1.118801 0.0368065233
1.072231 0.0796008275
1.083288 0.1375969823
1.069257 0.0527279247
1.108076 0.0933513213
1.096570 0.0502564580
1.109263 0.0837384775
1.069837 0.0499323752
1.132429 0.0258052635
1.100090 0.0723959429
1.079884 0.0173596329
1.064891 0.0257968268
1.084628 0.0324425477
1.049552 0.0391392828
1.047687 0.0391377066
1.043740 0.0425118888
1.101441 0.0304325892
1.068094 0.0091650571
1.047866 0.0130487700
1.046889 0.0177294900
2.298250 0.4377884576
2.338670 0.4112479218
2.324799 0.3942681668
2.295949 0.4161365456
2.269229 0.3528548005
2.289806 0.3831415377
2.230543 0.5381047740
2.497258 0.3181643078
2.473006 0.3640700996
2.398308 0.5175389663
2.443083 0.2583233795
2.409115 0.1021324835
2.301925 0.2173255765
2.236889 0.2774258968
2.263410 0.3206056581
2.286653 0.2550094015
2.237052 0.0945681894
2.268851 0.2366337231
2.242122 0.1812055058
2.259844 0.2864640972
2.279493 0.1163450346
2.256911 0.0566260847
2.184829 0.0847716374
2.250884 0.1038633608
2.227341 0.1218783761
2.212697 0.0770529822
2.173533 0.1606689432
2.295561 0.0967607424
2.151031 0.1192005701
2.261665 0.0987925985
2.200145 0.0222803716
2.152757 0.0485864135
2.169260 0.0201695323
2.150408 0.0361456552
2.229878 0.0124022014
2.271072 0.0524396708
2.229113 0.0421237264
2.156439 0.0431895205
2.206994 0.0303449503
2.153762 0.0227487779
4.730649 0.4645755983
4.678622 0.5977826426
4.690182 0.6044561862
4.694396 0.5355708872
4.670075 0.5478016011
4.675939 0.4489610973
4.654034 0.4991497650
4.688965 0.5384528725
4.597120 0.5796148141
4.806832 0.4934993639
4.645783 0.2063265308
4.707146 0.2745577345
4.659730 0.3102870063
5.038214 0.3192687896
4.895478 0.2498433891
5.007620 0.3387405513
4.933089 0.2998070533
4.929411 0.2873335398
4.901415 0.1850868700
4.773958 0.3150045202
4.810352 0.1423328883
4.820591 0.0539184700
4.722080 0.1083503942
4.848856 0.1208387653
4.792059 0.1212606347
4.926526 0.0223105699
4.914337 0.1241015711
4.766326 0.0551191947
4.973850 0.1015641094
5.190383 0.0965557309
4.633221 0.0371680378
4.569606 0.0297075093
4.488736 0.0560638127
4.783673 0.0488610839
4.701395 0.0510503110
4.788520 0.0203568209
4.726025 0.0303019408
4.588259 0.0774333641
4.673290 0.0373479604
4.691010 0.0557724597
