# Run started=2026-05-22 13:34:05 graph=Toronto method=PrunedDP mode=weight query_file=query.txt run_subdir=default query_count=160 result_dir=result\weight\Toronto\PrunedDP\default
0.141620 0.2582152999
0.171115 0.3209028605
0.182035 0.3207338254
0.166837 0.2842622865
0.169687 0.2501471485
0.169583 0.2506975205
0.163340 0.1718753988
0.170362 0.2372146746
0.186635 0.3010823803
0.147852 0.2670728840
0.151067 0.1783130045
0.149534 0.2005114323
0.163112 0.1023549699
0.168050 0.1369391765
0.185909 0.1828427712
0.142861 0.0813748469
0.172190 0.2003449170
0.149118 0.0798674596
0.178707 0.1516007317
0.181590 0.0726480949
0.217974 0.0489293074
0.160191 0.0545303684
0.223337 0.0781585437
0.169241 0.0449481800
0.167532 0.0633787352
0.206234 0.0714209080
0.165981 0.0511472451
0.205010 0.0504006725
0.146840 0.0473020273
0.166027 0.0973723379
0.162987 0.0193932512
0.203341 0.0174620587
0.195735 0.0132615198
0.210512 0.0180950427
0.175939 0.0207806680
0.205218 0.0098715503
0.169502 0.0318150783
0.159991 0.0289218925
0.201372 0.0267651083
0.167844 0.0269502934
0.292893 0.4515608035
0.295320 0.3554875863
0.297243 0.3275644723
0.280616 0.3085123471
0.289395 0.2776516063
0.300282 0.3711402498
0.257081 0.1891022979
0.311059 0.3692966912
0.305047 0.4065238184
0.291894 0.4304379047
0.302347 0.2235878540
0.293180 0.2221503030
0.310119 0.1993575349
0.270602 0.0374895228
0.267718 0.2212466317
0.285608 0.1706815201
0.284189 0.2376539469
0.273109 0.1963626791
0.313674 0.1322654011
0.283147 0.1730432160
0.311793 0.0368065233
0.297814 0.0796008275
0.302782 0.1375969823
0.306116 0.0527279247
0.273668 0.0933513213
0.307129 0.0502564580
0.305456 0.0837384775
0.299362 0.0499323752
0.313791 0.0258052635
0.315148 0.0723959429
0.284067 0.0173596329
0.313776 0.0257968268
0.279685 0.0324425477
0.273164 0.0391392828
0.279423 0.0391377066
0.292736 0.0425118888
0.276404 0.0304325892
0.280409 0.0091650571
0.286674 0.0130487700
0.271311 0.0177294900
0.559447 0.4377884576
0.557642 0.4112479218
0.573666 0.3942681668
0.546056 0.4161365456
0.537289 0.3528548005
0.531509 0.3831415377
0.604326 0.5381047740
0.515125 0.3181643078
0.532759 0.3640700996
0.551043 0.5175389663
0.514760 0.2583233795
0.515825 0.1021324835
0.509861 0.2173255765
0.512008 0.2774258968
0.542339 0.3206056581
0.517724 0.2550094015
0.511699 0.0945681894
0.519526 0.2366337231
0.477160 0.1812055058
0.502513 0.2864640972
0.545669 0.1163450346
0.503023 0.0566260847
0.494509 0.0847716374
0.499856 0.1038633608
0.523758 0.1218783761
0.479756 0.0770529822
0.532703 0.1606689432
0.489474 0.0967607424
0.493225 0.1192005701
0.513787 0.0987925985
0.544053 0.0222803716
0.536930 0.0485864135
0.531352 0.0201695323
0.604454 0.0361456552
0.561974 0.0124022014
0.534674 0.0524396708
0.532800 0.0421237264
0.547910 0.0431895205
0.504701 0.0303449503
0.535017 0.0227487779
1.373469 0.4645755983
1.510545 0.5977826426
1.525240 0.6044561862
1.393822 0.5355708872
1.422219 0.5478016011
1.427790 0.4489610973
1.361591 0.4991497650
1.402716 0.5384528725
1.401612 0.5796148141
1.404804 0.4934993639
1.451924 0.2063265308
1.401290 0.2745577345
1.320451 0.3102870063
1.388274 0.3192687896
1.340061 0.2498433891
1.338548 0.3387405513
1.318291 0.2998070533
1.371969 0.2873335398
1.304930 0.1850868700
1.345547 0.3150045202
1.343814 0.1423328883
1.277014 0.0539184700
1.334606 0.1083503942
1.306601 0.1208387653
1.363803 0.1212606347
1.353136 0.0223105699
1.360329 0.1241015711
1.396717 0.0551191947
1.295845 0.1015641094
1.317769 0.0965557309
1.400469 0.0371680378
1.363385 0.0297075093
1.428114 0.0560638127
1.295905 0.0488610839
1.406525 0.0510503110
1.328376 0.0203568209
1.374221 0.0303019408
1.383459 0.0774333641
1.275200 0.0373479604
1.339058 0.0557724597
