# Run started=2026-07-13 20:00:20 graph=Toronto method=ReleaseV4 data_root=data graph_folder=data\Toronto query_file=query_g12.txt run_subdir=query_g12 original_query_count=40 query_begin=1 query_limit=-1 query_count=40 result_dir=result\Toronto\ReleaseV4\query_g12 rss_mb=12.352 peak_rss_mb=12.355
9.137277 0.8599958231
4.811823 0.8383723674
3.273500 0.8019022891
5.225715 0.8083929494
1.766769 0.6227730173
4.326463 0.7261305908
5.005620 0.8271963887
7.588555 0.8771650092
1.221589 0.6473406274
1.414583 0.6460711725
2.268987 0.4009667270
4.650268 0.4808584743
0.795296 0.3067556376
3.308603 0.4469710121
4.017758 0.4231328522
0.744456 0.2520390284
1.226763 0.4571466726
2.144836 0.4808218837
1.263736 0.4221456678
6.195188 0.5019191194
1.269876 0.2942728101
2.076389 0.2652388811
0.903919 0.2405592058
0.838335 0.1644349086
0.720979 0.1957030102
0.680521 0.1298470792
0.831740 0.1733756892
1.056441 0.2147888043
0.878439 0.1918042290
0.868894 0.2111516184
0.658402 0.0500945633
0.810998 0.0793735466
0.897865 0.0789777245
0.800312 0.0870801726
0.706928 0.0597251720
0.810672 0.0688043015
1.046164 0.1135984681
0.723600 0.0513695423
0.693099 0.0582137526
1.146567 0.1109524835
