# Run started=2026-07-10 19:10:38 graph=Toronto method=ReleaseV1 data_root=data graph_folder=data\Toronto query_file=query.txt run_subdir=default original_query_count=160 query_begin=1 query_limit=-1 query_count=160 result_dir=result\Toronto\ReleaseV1\default rss_mb=15.832 peak_rss_mb=15.836
0.066477 0.2582152999
0.071219 0.3209028605
0.078187 0.3207338254
0.066226 0.2842622865
0.064332 0.2501471485
0.064489 0.2506975205
0.063775 0.1718753988
0.064648 0.2372146746
0.066033 0.3010823803
0.065810 0.2670728840
0.067996 0.1783130045
0.069396 0.2005114323
0.064082 0.1023549699
0.069823 0.1369391765
0.069612 0.1828427712
0.065027 0.0813748469
0.062772 0.2003449170
0.060703 0.0798674596
0.064443 0.1516007317
0.062638 0.0726480949
0.066314 0.0489293074
0.067841 0.0545303684
0.072846 0.0781585437
0.072471 0.0449481800
0.071200 0.0633787352
0.068626 0.0714209080
0.067185 0.0511472451
0.064461 0.0504006725
0.064531 0.0473020273
0.068143 0.0973723379
0.078446 0.0193932512
0.073476 0.0174620587
0.069924 0.0132615198
0.076457 0.0180950427
0.074796 0.0207806680
0.069737 0.0098715503
0.062706 0.0318150783
0.065157 0.0289218925
0.071577 0.0267651083
0.069113 0.0269502934
0.122995 0.4515608035
0.096934 0.3554875863
0.093017 0.3275644723
0.087242 0.3085123471
0.090197 0.2776516063
0.100337 0.3711402498
0.079021 0.1891022979
0.101824 0.3692966912
0.116500 0.4065238184
0.132433 0.4304379047
0.123897 0.2235878540
0.099632 0.2221503030
0.091686 0.1993575349
0.084066 0.0374895228
0.094120 0.2212466317
0.087405 0.1706815201
0.111028 0.2376539469
0.096549 0.1963626791
0.085399 0.1322654011
0.093062 0.1730432160
0.091369 0.0368065233
0.101953 0.0796008275
0.103761 0.1375969823
0.085450 0.0527279247
0.087423 0.0933513213
0.081931 0.0502564580
0.084975 0.0837384775
0.086130 0.0499323752
0.082835 0.0258052635
0.083586 0.0723959429
0.089525 0.0173596329
0.093710 0.0257968268
0.095563 0.0324425477
0.092245 0.0391392828
0.094055 0.0391377066
0.088234 0.0425118888
0.081100 0.0304325892
0.107691 0.0091650571
0.092073 0.0130487700
0.089384 0.0177294900
0.350369 0.4377884576
0.178703 0.4112479218
0.149963 0.3942681668
0.207739 0.4161365456
0.166047 0.3528548005
0.153654 0.3831415377
0.379208 0.5381047740
0.120531 0.3181643078
0.193753 0.3640700996
0.392548 0.5175389663
0.186797 0.2583233795
0.110985 0.1021324835
0.149460 0.2173255765
0.204736 0.2774258968
0.269216 0.3206056581
0.157270 0.2550094015
0.105407 0.0945681894
0.189542 0.2366337231
0.175599 0.1812055058
0.203142 0.2864640972
0.145592 0.1163450346
0.112278 0.0566260847
0.111946 0.0847716374
0.125532 0.1038633608
0.172037 0.1218783761
0.105623 0.0770529822
0.148202 0.1606689432
0.117843 0.0967607424
0.147760 0.1192005701
0.129083 0.0987925985
0.111018 0.0222803716
0.125575 0.0485864135
0.110005 0.0201695323
0.112375 0.0361456552
0.109822 0.0124022014
0.124217 0.0524396708
0.116032 0.0421237264
0.120267 0.0431895205
0.109729 0.0303449503
0.112768 0.0227487779
0.395845 0.4645755983
1.044734 0.5977826426
1.272435 0.6044561862
0.641806 0.5355708872
0.945126 0.5478016011
0.399198 0.4489610973
0.554803 0.4991497650
0.755159 0.5384528725
0.848390 0.5796148141
0.478191 0.4934993639
0.243884 0.2063265308
0.419152 0.2745577345
0.544125 0.3102870063
0.678097 0.3192687896
0.271639 0.2498433891
0.731317 0.3387405513
0.403935 0.2998070533
0.353754 0.2873335398
0.189452 0.1850868700
0.420640 0.3150045202
0.269467 0.1423328883
0.149472 0.0539184700
0.191528 0.1083503942
0.213060 0.1208387653
0.201277 0.1212606347
0.139110 0.0223105699
0.212995 0.1241015711
0.147820 0.0551191947
0.186306 0.1015641094
0.181448 0.0965557309
0.157311 0.0371680378
0.162975 0.0297075093
0.192409 0.0560638127
0.203988 0.0488610839
0.208903 0.0510503110
0.148294 0.0203568209
0.155830 0.0303019408
0.235938 0.0774333641
0.159885 0.0373479604
0.182647 0.0557724597
