# Run started=2026-07-10 22:41:51 graph=Toronto method=ReleaseV2 data_root=data graph_folder=data\Toronto query_file=query_g12.txt run_subdir=query_g12 original_query_count=40 query_begin=1 query_limit=-1 query_count=40 result_dir=result\Toronto\ReleaseV2\query_g12 rss_mb=12.367 peak_rss_mb=12.371
9.159624 0.8599958231
3.566350 0.8383723674
4.368530 0.8019022891
3.644026 0.8083929494
1.042812 0.6227730173
2.654578 0.7261305908
3.871713 0.8271963887
5.873200 0.8771650092
0.608334 0.6473406274
0.812061 0.6460711725
0.593451 0.4009667270
2.195787 0.4808584743
0.330224 0.3067556376
1.339047 0.4469710121
0.624374 0.4231328522
0.338090 0.2520390284
0.795516 0.4571466726
1.633981 0.4808218837
0.949624 0.4221456678
2.464329 0.5019191194
0.722600 0.2942728101
0.677710 0.2652388811
0.445117 0.2405592058
0.324234 0.1644349086
0.289972 0.1957030102
0.265608 0.1298470792
0.343618 0.1733756892
0.434798 0.2147888043
0.349560 0.1918042290
0.365600 0.2111516184
0.266311 0.0500945633
0.286201 0.0793735466
0.287575 0.0789777245
0.301310 0.0870801726
0.269544 0.0597251720
0.255098 0.0688043015
0.382033 0.1135984681
0.256871 0.0513695423
0.226449 0.0582137526
0.460828 0.1109524835
