# Run started=2026-07-13 20:23:22 graph=DBLP method=ReleaseV4 data_root=data graph_folder=data\DBLP query_file=query.txt run_subdir=default original_query_count=160 query_begin=1 query_limit=-1 query_count=160 result_dir=result\DBLP\ReleaseV4\default rss_mb=873.281 peak_rss_mb=873.285
19.095747 5.6765018667
11.719420 4.9902920377
18.271483 5.9622085153
19.989815 5.9300381807
14.795140 5.9205110331
16.832693 5.9499261823
18.787691 6.1432690578
16.859783 5.8782592989
18.396798 5.9526910949
14.897282 5.9148691335
12.057818 4.9918142157
14.735296 5.4579357178
11.646852 4.9770780411
19.920521 3.8694959192
13.488148 4.7419437351
11.893672 4.9569392086
16.225956 4.9423994613
14.862502 5.0355359440
12.903768 4.5628770649
16.331897 5.6252640242
13.376266 4.1473499394
17.178786 4.1459020325
19.251175 4.3702449782
17.616897 3.8879972324
13.448694 4.5901950662
18.149368 3.4526320537
13.079380 4.7576115340
21.179211 3.9156293246
16.333024 4.2621244147
13.873559 4.1740436143
18.057244 3.6631424545
15.483214 2.1497855377
15.336692 2.8812709907
13.925881 3.9500210680
17.206206 3.1626165833
20.003016 3.4061871071
16.902950 3.0800902413
18.786805 2.5888124414
19.198711 2.8808979975
18.421338 2.5030069933
20.674468 6.8859905017
24.744511 6.0069112075
22.493801 6.9275129740
21.387377 6.8703330330
19.216425 6.4260079212
24.328616 7.7031999351
23.082410 7.7070224749
20.050370 7.3031744854
22.968235 6.9188339092
20.011089 5.9494249217
15.122049 6.0149880740
15.447277 5.8262649486
24.179247 4.4292442158
14.963416 5.9707841498
19.372711 5.9249551227
19.426149 5.9442836198
20.477812 5.9667512756
22.814552 5.2287132043
20.715987 5.7192377959
19.645233 6.0584613325
18.192674 5.1019412969
24.024281 5.0617386984
18.021412 2.4146535509
23.030652 4.6542709616
15.940896 5.6971366436
14.641155 5.8391542688
15.988659 5.8859122567
21.526976 4.1261464108
18.132888 5.1045424108
15.813273 5.5366046674
20.468321 3.8694911335
20.712086 2.5601144431
22.517990 4.3167911549
15.634699 1.0392031385
20.912568 3.8019348970
22.245032 3.4102584278
25.512622 5.1946606612
22.158086 4.0118972196
18.716453 3.2501758412
18.600342 4.7251937244
38.218488 8.2140958508
26.709232 8.5207974134
26.081770 7.6753625492
29.305871 7.9343144865
27.390338 8.1914933542
29.932611 7.7100504065
27.801835 7.9355558625
25.635151 8.5358438607
30.780520 7.7771535019
33.175259 8.2071385751
27.426182 6.8984548121
32.203148 7.0355684340
27.602561 7.4243083097
22.341829 7.1208023239
27.959665 6.3810996399
29.946489 6.3325286281
20.150765 6.9671317465
24.003421 6.9112859065
31.262421 6.4174273175
31.765546 6.8068227223
