0.552984 0.2582152999
0.572653 0.3209028605
0.603521 0.3207338254
0.540376 0.2842622865
0.634182 0.2501471485
0.553680 0.2506975205
0.607662 0.1718753988
0.596428 0.2372146746
0.618482 0.3010823803
0.639271 0.2670728840
0.603476 0.1783130045
0.579080 0.2005114323
0.609995 0.1023549699
0.578212 0.1369391765
0.575225 0.1828427712
0.546498 0.0813748469
0.620332 0.2003449170
0.571474 0.0798674596
0.582752 0.1516007317
0.605123 0.0726480949
0.541606 0.0489293074
0.578176 0.0545303684
0.623491 0.0781585437
0.559019 0.0449481800
0.567006 0.0633787352
0.597293 0.0714209080
0.651769 0.0511472451
0.568549 0.0504006725
0.555918 0.0473020273
0.611935 0.0973723379
0.532759 0.0193932512
0.571040 0.0174620587
0.565133 0.0132615198
0.567369 0.0180950427
0.522633 0.0207806680
0.574747 0.0098715503
0.599317 0.0318150783
0.533103 0.0289218925
0.568459 0.0267651083
0.602810 0.0269502934
1.141173 0.4515608035
1.118760 0.3554875863
1.157031 0.3275644723
1.125725 0.3085123471
1.168828 0.2776516063
1.162328 0.3711402498
1.209581 0.1891022979
1.177283 0.3692966912
1.156478 0.4065238184
1.073926 0.4304379047
1.121910 0.2235878540
1.083536 0.2221503030
1.104271 0.1993575349
1.069790 0.0374895228
1.139266 0.2212466317
1.052232 0.1706815201
1.073616 0.2376539469
1.074667 0.1963626791
1.159800 0.1322654011
1.091040 0.1730432160
1.123748 0.0368065233
1.061933 0.0796008275
1.081618 0.1375969823
1.075034 0.0527279247
1.111974 0.0933513213
1.111188 0.0502564580
1.125625 0.0837384775
1.064909 0.0499323752
1.089870 0.0258052635
1.076404 0.0723959429
1.107808 0.0173596329
1.119645 0.0257968268
1.074679 0.0324425477
1.150167 0.0391392828
1.113930 0.0391377066
1.048474 0.0425118888
1.070904 0.0304325892
1.121182 0.0091650571
1.077078 0.0130487700
1.045134 0.0177294900
3.347760 0.4377884576
3.213388 0.4112479218
3.301168 0.3942681668
3.336633 0.4161365456
3.292245 0.3528548005
3.380371 0.3831415377
3.558868 0.5381047740
3.343159 0.3181643078
3.393546 0.3640700996
3.297924 0.5175389663
3.361332 0.2583233795
3.285143 0.1021324835
3.383579 0.2173255765
3.394119 0.2774258968
3.389680 0.3206056581
3.343691 0.2550094015
3.364372 0.0945681894
3.318918 0.2366337231
3.333529 0.1812055058
3.308504 0.2864640972
3.267635 0.1163450346
3.308365 0.0566260847
3.270711 0.0847716374
3.279656 0.1038633608
3.454354 0.1218783761
3.301532 0.0770529822
3.362171 0.1606689432
3.299374 0.0967607424
3.372003 0.1192005701
3.254497 0.0987925985
3.449735 0.0222803716
3.135840 0.0485864135
3.267935 0.0201695323
3.227942 0.0361456552
3.366132 0.0124022014
3.362681 0.0524396708
3.507341 0.0421237264
3.348972 0.0431895205
3.412867 0.0303449503
3.249309 0.0227487779
8.043399 0.4645755983
8.813421 0.5977826426
7.944390 0.6044561862
9.035842 0.5355708872
10.315913 0.5478016011
8.462148 0.4489610973
12.204872 0.4991497650
11.119116 0.5384528725
11.524138 0.5796148141
9.408487 0.4934993639
13.356105 0.2063265308
12.075518 0.2745577345
10.640838 0.3102870063
14.048768 0.3192687896
12.890106 0.2498433891
10.152146 0.3387405513
11.083111 0.2998070533
11.438275 0.2873335398
12.087731 0.1850868700
10.054293 0.3150045202
13.492122 0.1423328883
10.620776 0.0539184700
12.424777 0.1083503942
10.347522 0.1208387653
11.013121 0.1212606347
9.983051 0.0223105699
10.432835 0.1241015711
8.985023 0.0551191947
10.280746 0.1015641094
10.170026 0.0965557309
10.803817 0.0371680378
10.252186 0.0297075093
10.456376 0.0560638127
10.276646 0.0488610839
13.259733 0.0510503110
13.235112 0.0203568209
11.097652 0.0303019408
12.360496 0.0774333641
12.310169 0.0373479604
12.522769 0.0557724597
